TYPE : TSP
DIMENSION: 29
EDGE_DATA_FORMAT: EDGE_LIST
EDGE_WEIGHT_TYPE: EXPLICIT
EDGE_WEIGHT_FORMAT: FULL_MATRIX 
EDGE_DATA_SECTION:
0 1
0 2
0 3
0 4
0 5
0 6
0 7
0 8
0 9
0 10
0 11
0 12
0 13
0 14
0 15
0 16
0 17
0 18
0 19
0 20
0 21
0 22
0 23
0 24
0 25
0 26
0 27
0 28
1 0
1 2
1 3
1 4
1 5
1 6
1 7
1 8
1 9
1 10
1 11
1 12
1 13
1 14
1 15
1 16
1 17
1 18
1 19
1 20
1 21
1 22
1 23
1 24
1 25
1 26
1 27
1 28
2 0
2 1
2 3
2 4
2 5
2 6
2 7
2 8
2 9
2 10
2 11
2 12
2 13
2 14
2 15
2 16
2 17
2 18
2 19
2 20
2 21
2 22
2 23
2 24
2 25
2 26
2 27
2 28
3 0
3 1
3 2
3 4
3 5
3 6
3 7
3 8
3 9
3 10
3 11
3 12
3 13
3 14
3 15
3 16
3 17
3 18
3 19
3 20
3 21
3 22
3 23
3 24
3 25
3 26
3 27
3 28
4 0
4 1
4 2
4 3
4 5
4 6
4 7
4 8
4 9
4 10
4 11
4 12
4 13
4 14
4 15
4 16
4 17
4 18
4 19
4 20
4 21
4 22
4 23
4 24
4 25
4 26
4 27
4 28
5 0
5 1
5 2
5 3
5 4
5 6
5 7
5 8
5 9
5 10
5 11
5 12
5 13
5 14
5 15
5 16
5 17
5 18
5 19
5 20
5 21
5 22
5 23
5 24
5 25
5 26
5 27
5 28
6 0
6 1
6 2
6 3
6 4
6 5
6 7
6 8
6 9
6 10
6 11
6 12
6 13
6 14
6 15
6 16
6 17
6 18
6 19
6 20
6 21
6 22
6 23
6 24
6 25
6 26
6 27
6 28
7 0
7 1
7 2
7 3
7 4
7 5
7 6
7 8
7 9
7 10
7 11
7 12
7 13
7 14
7 15
7 16
7 17
7 18
7 19
7 20
7 21
7 22
7 23
7 24
7 25
7 26
7 27
7 28
8 0
8 1
8 2
8 3
8 4
8 5
8 6
8 7
8 9
8 10
8 11
8 12
8 13
8 14
8 15
8 16
8 17
8 18
8 19
8 20
8 21
8 22
8 23
8 24
8 25
8 26
8 27
8 28
9 0
9 1
9 2
9 3
9 4
9 5
9 6
9 7
9 8
9 10
9 11
9 12
9 13
9 14
9 15
9 16
9 17
9 18
9 19
9 20
9 21
9 22
9 23
9 24
9 25
9 26
9 27
9 28
10 0
10 1
10 2
10 3
10 4
10 5
10 6
10 7
10 8
10 9
10 11
10 12
10 13
10 14
10 15
10 16
10 17
10 18
10 19
10 20
10 21
10 22
10 23
10 24
10 25
10 26
10 27
10 28
11 0
11 1
11 2
11 3
11 4
11 5
11 6
11 7
11 8
11 9
11 10
11 12
11 13
11 14
11 15
11 16
11 17
11 18
11 19
11 20
11 21
11 22
11 23
11 24
11 25
11 26
11 27
11 28
12 0
12 1
12 2
12 3
12 4
12 5
12 6
12 7
12 8
12 9
12 10
12 11
12 13
12 14
12 15
12 16
12 17
12 18
12 19
12 20
12 21
12 22
12 23
12 24
12 25
12 26
12 27
12 28
13 0
13 1
13 2
13 3
13 4
13 5
13 6
13 7
13 8
13 9
13 10
13 11
13 12
13 14
13 15
13 16
13 17
13 18
13 19
13 20
13 21
13 22
13 23
13 24
13 25
13 26
13 27
13 28
14 0
14 1
14 2
14 3
14 4
14 5
14 6
14 7
14 8
14 9
14 10
14 11
14 12
14 13
14 15
14 16
14 17
14 18
14 19
14 20
14 21
14 22
14 23
14 24
14 25
14 26
14 27
14 28
15 0
15 1
15 2
15 3
15 4
15 5
15 6
15 7
15 8
15 9
15 10
15 11
15 12
15 13
15 14
15 16
15 17
15 18
15 19
15 20
15 21
15 22
15 23
15 24
15 25
15 26
15 27
15 28
16 0
16 1
16 2
16 3
16 4
16 5
16 6
16 7
16 8
16 9
16 10
16 11
16 12
16 13
16 14
16 15
16 17
16 18
16 19
16 20
16 21
16 22
16 23
16 24
16 25
16 26
16 27
16 28
17 0
17 1
17 2
17 3
17 4
17 5
17 6
17 7
17 8
17 9
17 10
17 11
17 12
17 13
17 14
17 15
17 16
17 18
17 19
17 20
17 21
17 22
17 23
17 24
17 25
17 26
17 27
17 28
18 0
18 1
18 2
18 3
18 4
18 5
18 6
18 7
18 8
18 9
18 10
18 11
18 12
18 13
18 14
18 15
18 16
18 17
18 19
18 20
18 21
18 22
18 23
18 24
18 25
18 26
18 27
18 28
19 0
19 1
19 2
19 3
19 4
19 5
19 6
19 7
19 8
19 9
19 10
19 11
19 12
19 13
19 14
19 15
19 16
19 17
19 18
19 20
19 21
19 22
19 23
19 24
19 25
19 26
19 27
19 28
20 0
20 1
20 2
20 3
20 4
20 5
20 6
20 7
20 8
20 9
20 10
20 11
20 12
20 13
20 14
20 15
20 16
20 17
20 18
20 19
20 21
20 22
20 23
20 24
20 25
20 26
20 27
20 28
21 0
21 1
21 2
21 3
21 4
21 5
21 6
21 7
21 8
21 9
21 10
21 11
21 12
21 13
21 14
21 15
21 16
21 17
21 18
21 19
21 20
21 22
21 23
21 24
21 25
21 26
21 27
21 28
22 0
22 1
22 2
22 3
22 4
22 5
22 6
22 7
22 8
22 9
22 10
22 11
22 12
22 13
22 14
22 15
22 16
22 17
22 18
22 19
22 20
22 21
22 23
22 24
22 25
22 26
22 27
22 28
23 0
23 1
23 2
23 3
23 4
23 5
23 6
23 7
23 8
23 9
23 10
23 11
23 12
23 13
23 14
23 15
23 16
23 17
23 18
23 19
23 20
23 21
23 22
23 24
23 25
23 26
23 27
23 28
24 0
24 1
24 2
24 3
24 4
24 5
24 6
24 7
24 8
24 9
24 10
24 11
24 12
24 13
24 14
24 15
24 16
24 17
24 18
24 19
24 20
24 21
24 22
24 23
24 25
24 26
24 27
24 28
25 0
25 1
25 2
25 3
25 4
25 5
25 6
25 7
25 8
25 9
25 10
25 11
25 12
25 13
25 14
25 15
25 16
25 17
25 18
25 19
25 20
25 21
25 22
25 23
25 24
25 26
25 27
25 28
26 0
26 1
26 2
26 3
26 4
26 5
26 6
26 7
26 8
26 9
26 10
26 11
26 12
26 13
26 14
26 15
26 16
26 17
26 18
26 19
26 20
26 21
26 22
26 23
26 24
26 25
26 27
26 28
27 0
27 1
27 2
27 3
27 4
27 5
27 6
27 7
27 8
27 9
27 10
27 11
27 12
27 13
27 14
27 15
27 16
27 17
27 18
27 19
27 20
27 21
27 22
27 23
27 24
27 25
27 26
27 28
28 0
28 1
28 2
28 3
28 4
28 5
28 6
28 7
28 8
28 9
28 10
28 11
28 12
28 13
28 14
28 15
28 16
28 17
28 18
28 19
28 20
28 21
28 22
28 23
28 24
28 25
28 26
28 27
-1
EDGE_WEIGHT_SECTION:
29000001 836890 129325 136028 390326 363202 193847 185042 300945 425658 300982 129804 373797 550163 356769 649482 515952 527074 445517 582694 391019 424877 303433 423689 654413 273440 312312 519393 418361 
836890 29000001 811671 712929 520515 802110 713807 861892 1045414 713430 758560 917990 809323 494034 1023531 438503 328529 597275 999246 838723 907412 426746 1138162 1210788 815054 1019081 1147802 362637 1025323 
129325 811671 29000001 116591 434851 234065 281218 312065 244656 522281 407561 255329 244547 458492 485576 562190 483198 418905 330721 691729 515438 385379 374473 401519 527274 397695 356749 466380 313370 
136028 712929 116591 29000001 318945 293841 189620 270361 359973 425623 323714 255281 305779 418175 461662 515508 387186 405233 431679 603289 455266 292924 436527 511369 561872 394944 436559 384755 422057 
390326 520515 434851 318945 29000001 573065 214856 352594 673705 223472 238333 428584 584809 500425 503189 554438 285433 552178 740958 397378 392580 265786 662085 812411 773463 507046 691348 349831 737728 
363202 802110 234065 293841 573065 29000001 483454 543123 311269 716485 617462 488726 12060 342253 719635 442802 494272 260027 197465 896486 741940 404649 566503 475177 297192 629769 525013 440588 225984 
193847 713807 281218 189620 214856 483454 29000001 149107 493665 241064 134599 213806 495397 549771 330775 632740 422975 563056 611447 414322 279389 354752 447287 615094 743835 306152 478921 456337 593948 
185042 861892 312065 270361 352594 543123 149107 29000001 460599 288775 159551 105585 554211 675747 193709 765492 570842 673870 628875 416430 206892 498040 328271 546396 827345 157257 376197 599627 598369 
300945 1045414 244656 359973 673705 311269 493665 460599 29000001 725850 598902 362526 313318 637779 574666 742146 717869 567537 234234 875282 661886 619451 307467 169796 577375 465088 243837 689345 180524 
425658 713430 522281 425623 223472 716485 241064 288775 725850 29000001 130543 393082 728538 712768 355375 774435 508868 751766 852379 185370 206626 482764 613554 830465 957088 404644 664841 571978 834767 
300982 758560 407561 323714 238333 617462 134599 159551 598902 130543 29000001 262854 629363 667807 266945 743188 504591 690147 737989 284217 162376 454404 486956 700050 877421 290204 535630 552935 716243 
129804 917990 255329 255281 428584 488726 213806 105585 362526 393082 262854 29000001 498829 673455 232667 770237 609620 655447 547712 520196 299392 526001 234383 440923 782506 143637 274197 625088 511807 
373797 809323 244547 305779 584809 12060 495397 554211 313318 728538 629363 498829 29000001 345880 730028 445473 503138 261253 189924 908497 753404 414227 573030 475769 288715 639529 530295 448295 220921 
550163 494034 458492 418175 500425 342253 549771 675747 637779 712768 667807 673455 345880 29000001 869370 105102 263300 103283 529194 894803 826293 235432 832790 806944 331739 812091 812506 181085 566298 
356769 1023531 485576 461662 503189 719635 330775 193709 574666 355375 266945 232667 730028 869370 29000001 958266 751557 866512 776546 396021 160472 685452 335289 610732 1010759 111128 407672 787080 737108 
649482 438503 562190 515508 554438 442802 632740 765492 742146 774435 743188 770237 445473 105102 958266 29000001 284532 188117 624025 951811 904253 292205 936031 911028 378260 906582 917055 206886 664211 
515952 328529 483198 387186 285433 494272 422975 570842 717869 508868 504591 609620 503138 263300 751557 284532 29000001 349108 690757 678020 666178 98435 819285 882461 587003 725978 823651 82628 710251 
527074 597275 418905 405233 552178 260027 563056 673870 567537 751766 690147 655447 261253 103283 866512 188117 349108 29000001 436051 936632 842439 298832 790289 734090 237906 797962 761546 270453 477363 
445517 999246 330721 431679 740958 197465 611447 628875 234234 852379 737989 547712 189924 529194 776546 624025 690757 436051 29000001 1022207 835725 599219 540381 354528 369295 672310 478047 638034 58422 
582694 838723 691729 603289 397378 896486 414322 416430 875282 185370 284217 520196 908497 894803 396021 951811 678020 936632 1022207 29000001 240794 662171 711550 959547 1142185 482645 774403 746668 999878 
391019 907412 515438 455266 392580 741940 279389 206892 661886 206626 162376 299392 753404 826293 160472 904253 666178 842439 835725 240794 29000001 616538 471982 728869 1016996 242033 537163 715300 805004 
424877 426746 385379 292924 265786 404649 354752 498040 619451 482764 454404 526001 414227 235432 685452 292205 98435 298832 599219 662171 616538 29000001 728112 784093 532592 649576 729229 101684 615965 
303433 1138162 374473 436527 662085 566503 447287 328271 307467 613554 486956 234383 573030 832790 335289 936031 819285 790289 540381 711550 471982 728112 29000001 285036 858498 231133 77383 821278 487943 
423689 1210788 401519 511369 812411 475177 615094 546396 169796 830465 700050 440923 475769 806944 610732 911028 882461 734090 354528 959547 728869 784093 285036 29000001 720632 500761 207769 857278 296261 
654413 815054 527274 561872 773463 297192 743835 827345 577375 957088 877421 782506 288715 331739 1010759 378260 587003 237906 369295 1142185 1016996 532592 858498 720632 29000001 924890 810556 507791 426088 
273440 1019081 397695 394944 507046 629769 306152 157257 465088 404644 290204 143637 639529 812091 111128 906582 725978 797962 672310 482645 242033 649576 231133 500761 924890 29000001 300167 750607 630750 
312312 1147802 356749 436559 691348 525013 478921 376197 243837 664841 535630 274197 530295 812506 407672 917055 823651 761546 478047 774403 537163 729229 77383 207769 810556 300167 29000001 817854 423459 
519393 362637 466380 384755 349831 440588 456337 599627 689345 571978 552935 625088 448295 181085 787080 206886 82628 270453 638034 746668 715300 101684 821278 857278 507791 750607 817854 29000001 662789 
418361 1025323 313370 422057 737728 225984 593948 598369 180524 834767 716243 511807 220921 566298 737108 664211 710251 477363 58422 999878 805004 615965 487943 296261 426088 630750 423459 662789 29000001 
EOF
